,symbol,positive,negative,neutral
0,AAPL,1.0,0.0,0.0
1,AAPL,0.0,0.0,1.0
2,AAPL,0.0,0.0,1.0
5,AAPL,1.0,0.0,0.0
8,AAPL,0.0,0.0,1.0
9,AAPL,1.0,0.0,0.0
11,AAPL,1.0,0.0,0.0
12,AAPL,0.0,0.0,1.0
19,AAPL,0.0,1.0,0.0
20,AAPL,0.0,1.0,0.0
22,AAPL,1.0,0.0,0.0
23,AAPL,0.0,0.0,1.0
24,AAPL,1.0,0.0,0.0
25,AAPL,0.0,1.0,0.0
27,AAPL,1.0,0.0,0.0
28,AAPL,1.0,0.0,0.0
30,AAPL,1.0,0.0,0.0
31,AAPL,1.0,0.0,0.0
32,AAPL,1.0,0.0,0.0
33,AAPL,1.0,0.0,0.0
35,AAPL,1.0,0.0,0.0
36,AAPL,1.0,0.0,0.0
39,AAPL,1.0,0.0,0.0
41,AAPL,0.0,0.0,1.0
42,AAPL,1.0,0.0,0.0
43,AAPL,1.0,0.0,0.0
46,AAPL,0.0,0.0,1.0
49,AAPL,0.0,0.0,1.0
50,ABBV,0.0,1.0,0.0
53,ABBV,1.0,0.0,0.0
55,ABBV,1.0,0.0,0.0
56,ABBV,1.0,0.0,0.0
57,ABBV,0.0,1.0,0.0
58,ABBV,0.0,1.0,0.0
72,ABBV,1.0,0.0,0.0
85,ABBV,1.0,0.0,0.0
100,ABNB,0.0,1.0,0.0
101,ABNB,0.0,0.0,1.0
103,ABNB,0.0,0.0,1.0
105,ABNB,1.0,0.0,0.0
109,ABNB,1.0,0.0,0.0
114,ABNB,1.0,0.0,0.0
115,ABNB,0.0,0.0,1.0
117,ABNB,0.0,0.0,1.0
132,ABNB,0.0,0.0,1.0
138,ABNB,0.0,1.0,0.0
140,ABNB,1.0,0.0,0.0
141,ABNB,0.0,0.0,1.0
147,ABNB,1.0,0.0,0.0
152,ACN,0.0,0.0,1.0
153,ACN,0.0,1.0,0.0
160,ACN,1.0,0.0,0.0
161,ACN,0.0,1.0,0.0
170,ACN,0.0,1.0,0.0
185,ACN,1.0,0.0,0.0
188,ACN,0.0,0.0,1.0
205,ADBE,1.0,0.0,0.0
247,ADI,1.0,0.0,0.0
251,ADP,1.0,0.0,0.0
252,ADP,0.0,1.0,0.0
254,ADP,0.0,1.0,0.0
255,ADP,0.0,1.0,0.0
256,ADP,0.0,1.0,0.0
257,ADP,1.0,0.0,0.0
259,ADP,0.0,1.0,0.0
261,ADP,1.0,0.0,0.0
262,ADP,1.0,0.0,0.0
263,ADP,0.0,0.0,1.0
264,ADP,0.0,0.0,1.0
266,ADP,1.0,0.0,0.0
267,ADP,0.0,1.0,0.0
268,ADP,0.0,0.0,1.0
269,ADP,1.0,0.0,0.0
270,ADP,0.0,1.0,0.0
271,ADP,0.0,1.0,0.0
273,ADP,0.0,0.0,1.0
275,ADP,1.0,0.0,0.0
276,ADP,0.0,0.0,1.0
279,ADP,1.0,0.0,0.0
281,ADP,1.0,0.0,0.0
282,ADP,1.0,0.0,0.0
284,ADP,0.0,0.0,1.0
286,ADP,0.0,1.0,0.0
287,ADP,1.0,0.0,0.0
290,ADP,0.0,0.0,1.0
291,ADP,0.0,1.0,0.0
292,AKO/A,0.0,0.0,1.0
294,AKO/B,0.0,0.0,1.0
304,AMAT,0.0,1.0,0.0
309,AMAT,1.0,0.0,0.0
351,AMD,0.0,0.0,1.0
366,AMD,1.0,0.0,0.0
368,AMD,0.0,0.0,1.0
378,AMGN,0.0,0.0,1.0
387,AMGN,1.0,0.0,0.0
394,AMGN,0.0,1.0,0.0
397,AMGN,0.0,0.0,1.0
410,AMGN,1.0,0.0,0.0
428,AMT,1.0,0.0,0.0
431,AMT,1.0,0.0,0.0
433,AMT,1.0,0.0,0.0
435,AMT,1.0,0.0,0.0
453,AMT,1.0,0.0,0.0
457,AMT,1.0,0.0,0.0
458,AMT,0.0,1.0,0.0
460,AMZN,1.0,0.0,0.0
461,AMZN,0.0,0.0,1.0
463,AMZN,1.0,0.0,0.0
464,AMZN,1.0,0.0,0.0
465,AMZN,1.0,0.0,0.0
466,AMZN,1.0,0.0,0.0
467,AMZN,0.0,0.0,1.0
470,AMZN,0.0,0.0,1.0
481,AMZN,0.0,1.0,0.0
482,AMZN,1.0,0.0,0.0
486,AMZN,0.0,0.0,1.0
488,AMZN,0.0,0.0,1.0
489,AMZN,0.0,0.0,1.0
491,AMZN,1.0,0.0,0.0
492,AMZN,1.0,0.0,0.0
495,AMZN,1.0,0.0,0.0
496,AMZN,1.0,0.0,0.0
497,AMZN,0.0,1.0,0.0
498,AMZN,1.0,0.0,0.0
499,AMZN,1.0,0.0,0.0
500,AMZN,1.0,0.0,0.0
505,ANTM,0.0,0.0,1.0
511,ANTM,0.0,1.0,0.0
515,ANTM,0.0,0.0,1.0
518,ANTM,1.0,0.0,0.0
519,ANTM,1.0,0.0,0.0
522,ANTM,1.0,0.0,0.0
523,ANTM,0.0,0.0,1.0
524,ANTM,1.0,0.0,0.0
525,ANTM,0.0,1.0,0.0
529,ANTM,1.0,0.0,0.0
531,ANTM,1.0,0.0,0.0
533,ANTM,0.0,0.0,1.0
535,ANTM,1.0,0.0,0.0
536,ANTM,0.0,0.0,1.0
538,ANTM,1.0,0.0,0.0
541,ANTM,1.0,0.0,0.0
542,ANTM,1.0,0.0,0.0
543,ANTM,1.0,0.0,0.0
544,ANTM,1.0,0.0,0.0
549,ANTM,1.0,0.0,0.0
550,ANTM,0.0,1.0,0.0
552,AREB,1.0,0.0,0.0
570,AREB,0.0,0.0,1.0
577,ASML,0.0,0.0,1.0
578,ASML,0.0,0.0,1.0
579,ASML,0.0,0.0,1.0
581,ASML,0.0,0.0,1.0
582,ASML,0.0,1.0,0.0
588,ASML,1.0,0.0,0.0
591,ASML,1.0,0.0,0.0
597,ASML,0.0,0.0,1.0
601,ASML,1.0,0.0,0.0
603,ASML,1.0,0.0,0.0
604,ASML,0.0,0.0,1.0
608,ASML,0.0,0.0,1.0
609,ASML,0.0,0.0,1.0
610,ASML,1.0,0.0,0.0
611,ASML,1.0,0.0,0.0
615,ASML,1.0,0.0,0.0
616,ASML,1.0,0.0,0.0
625,AVGO,1.0,0.0,0.0
627,AVGO,0.0,0.0,1.0
628,AVGO,1.0,0.0,0.0
642,AVGO,0.0,0.0,1.0
645,AVGO,0.0,0.0,1.0
676,AXP,1.0,0.0,0.0
679,AXP,1.0,0.0,0.0
680,AXP,1.0,0.0,0.0
681,AXP,0.0,0.0,1.0
682,AXP,0.0,0.0,1.0
685,AXP,0.0,0.0,1.0
694,AXP,1.0,0.0,0.0
696,AXP,0.0,1.0,0.0
703,AXP,1.0,0.0,0.0
709,AXP,0.0,1.0,0.0
726,AZN,0.0,0.0,1.0
727,AZN,0.0,0.0,1.0
730,AZN,0.0,0.0,1.0
732,AZN,0.0,0.0,1.0
743,AZN,0.0,0.0,1.0
745,AZN,0.0,0.0,1.0
749,AZN,0.0,0.0,1.0
772,BA,1.0,0.0,0.0
776,BA,0.0,0.0,1.0
779,BA,0.0,0.0,1.0
781,BABA,1.0,0.0,0.0
783,BABA,1.0,0.0,0.0
785,BABA,1.0,0.0,0.0
786,BABA,1.0,0.0,0.0
787,BABA,1.0,0.0,0.0
791,BAC,1.0,0.0,0.0
793,BAC,1.0,0.0,0.0
803,BAC,0.0,0.0,1.0
812,BAC,1.0,0.0,0.0
816,BAC,1.0,0.0,0.0
817,BAC,0.0,0.0,1.0
821,BAC,0.0,0.0,1.0
822,BAC,1.0,0.0,0.0
825,BAC,0.0,0.0,1.0
827,BAM,0.0,1.0,0.0
837,BAM,1.0,0.0,0.0
843,BBL,1.0,0.0,0.0
853,BBL,0.0,1.0,0.0
865,BBL,1.0,0.0,0.0
871,BBL,0.0,1.0,0.0
874,BBL,1.0,0.0,0.0
879,BBL,0.0,0.0,1.0
880,BBL,1.0,0.0,0.0
884,BBL,0.0,0.0,1.0
885,BBL,1.0,0.0,0.0
887,BHP,0.0,0.0,1.0
889,BHP,0.0,1.0,0.0
891,BHP,0.0,0.0,1.0
892,BHP,0.0,0.0,1.0
899,BHP,0.0,0.0,1.0
903,BHP,1.0,0.0,0.0
904,BHP,1.0,0.0,0.0
911,BHP,1.0,0.0,0.0
916,BHP,0.0,1.0,0.0
917,BHP,1.0,0.0,0.0
918,BHP,0.0,1.0,0.0
921,BHP,1.0,0.0,0.0
929,BKNG,0.0,0.0,1.0
948,BKNG,1.0,0.0,0.0
953,BKNG,1.0,0.0,0.0
965,BKNG,0.0,1.0,0.0
972,BLK,0.0,1.0,0.0
973,BLK,0.0,1.0,0.0
975,BLK,0.0,1.0,0.0
984,BLK,0.0,0.0,1.0
988,BLK,1.0,0.0,0.0
992,BLK,0.0,1.0,0.0
998,BLK,0.0,0.0,1.0
1005,BLK,0.0,1.0,0.0
1006,BMY,0.0,0.0,1.0
1007,BMY,1.0,0.0,0.0
1016,BMY,1.0,0.0,0.0
1037,BMY,0.0,0.0,1.0
1053,BNS,0.0,1.0,0.0
1066,BNS,1.0,0.0,0.0
1069,BNS,1.0,0.0,0.0
1072,BP,1.0,0.0,0.0
1073,BP,1.0,0.0,0.0
1074,BP,1.0,0.0,0.0
1076,BP,0.0,1.0,0.0
1081,BP,0.0,0.0,1.0
1092,BP,1.0,0.0,0.0
1097,BP,0.0,1.0,0.0
1098,BP,0.0,1.0,0.0
1100,BP,0.0,1.0,0.0
1101,BP,1.0,0.0,0.0
1109,BP,0.0,0.0,1.0
1112,BTI,0.0,1.0,0.0
1116,BTI,1.0,0.0,0.0
1117,BTI,0.0,0.0,1.0
1120,BTI,1.0,0.0,0.0
1126,BTI,1.0,0.0,0.0
1127,BTI,1.0,0.0,0.0
1129,BTI,0.0,0.0,1.0
1130,BTI,0.0,0.0,1.0
1135,BTI,0.0,1.0,0.0
1136,BTI,0.0,0.0,1.0
1151,BTI,1.0,0.0,0.0
1161,BX,1.0,0.0,0.0
1163,BX,1.0,0.0,0.0
1171,BX,0.0,1.0,0.0
1174,BX,0.0,0.0,1.0
1178,BX,0.0,0.0,1.0
1179,BX,1.0,0.0,0.0
1181,BX,0.0,1.0,0.0
1189,C,1.0,0.0,0.0
1210,C,0.0,0.0,1.0
1212,C,1.0,0.0,0.0
1214,C,0.0,0.0,1.0
1216,C,1.0,0.0,0.0
1217,C,1.0,0.0,0.0
1222,C,1.0,0.0,0.0
1224,C,1.0,0.0,0.0
1225,C,1.0,0.0,0.0
1226,C,1.0,0.0,0.0
1230,CB,1.0,0.0,0.0
1231,CB,0.0,0.0,1.0
1232,CB,1.0,0.0,0.0
1233,CB,0.0,0.0,1.0
1234,CB,1.0,0.0,0.0
1236,CB,1.0,0.0,0.0
1238,CB,1.0,0.0,0.0
1240,CB,1.0,0.0,0.0
1246,CB,0.0,0.0,1.0
1249,CB,0.0,0.0,1.0
1254,CB,0.0,0.0,1.0
1255,CB,0.0,0.0,1.0
1260,CB,0.0,0.0,1.0
1261,CB,0.0,0.0,1.0
1264,CB,1.0,0.0,0.0
1267,CB,0.0,0.0,1.0
1273,CB,0.0,0.0,1.0
1274,CB,0.0,1.0,0.0
1377,CME,0.0,0.0,1.0
1378,CME,0.0,1.0,0.0
1381,CME,1.0,0.0,0.0
1388,CME,1.0,0.0,0.0
1395,CME,1.0,0.0,0.0
1398,CME,1.0,0.0,0.0
1399,CME,1.0,0.0,0.0
1400,CME,1.0,0.0,0.0
1404,CME,1.0,0.0,0.0
1405,CME,0.0,0.0,1.0
1406,CME,1.0,0.0,0.0
1407,CME,1.0,0.0,0.0
1408,CME,1.0,0.0,0.0
1409,CME,1.0,0.0,0.0
1410,CME,0.0,1.0,0.0
1416,CME,0.0,1.0,0.0
1417,CME,0.0,0.0,1.0
1419,CME,0.0,0.0,1.0
1420,CME,0.0,0.0,1.0
1434,CNI,0.0,0.0,1.0
1445,COST,0.0,0.0,1.0
1450,CRM,0.0,0.0,1.0
1453,CRM,1.0,0.0,0.0
1454,CRM,0.0,1.0,0.0
1455,CRM,1.0,0.0,0.0
1456,CRM,0.0,0.0,1.0
1458,CRM,0.0,0.0,1.0
1461,CRM,0.0,0.0,1.0
1462,CRM,0.0,1.0,0.0
1463,CRM,1.0,0.0,0.0
1464,CRM,1.0,0.0,0.0
1465,CRM,0.0,0.0,1.0
1466,CRM,0.0,1.0,0.0
1467,CRM,1.0,0.0,0.0
1468,CRM,0.0,1.0,0.0
1469,CRM,1.0,0.0,0.0
1470,CRM,1.0,0.0,0.0
1471,CRM,0.0,0.0,1.0
1473,CRM,0.0,0.0,1.0
1474,CRM,1.0,0.0,0.0
1476,CRM,1.0,0.0,0.0
1477,CRM,0.0,1.0,0.0
1480,CRM,1.0,0.0,0.0
1481,CRM,0.0,0.0,1.0
1482,CRM,0.0,0.0,1.0
1484,CRM,1.0,0.0,0.0
1485,CRM,1.0,0.0,0.0
1486,CRM,0.0,0.0,1.0
1487,CRM,0.0,0.0,1.0
1488,CRM,1.0,0.0,0.0
1490,CRM,1.0,0.0,0.0
1491,CRM,1.0,0.0,0.0
1492,CRM,1.0,0.0,0.0
1493,CRM,0.0,0.0,1.0
1502,CSCO,1.0,0.0,0.0
1544,CVS,0.0,1.0,0.0
1545,CVS,1.0,0.0,0.0
1546,CVS,0.0,0.0,1.0
1548,CVS,0.0,1.0,0.0
1552,CVS,0.0,0.0,1.0
1557,CVS,0.0,1.0,0.0
1561,CVS,0.0,0.0,1.0
1566,CVS,0.0,0.0,1.0
1579,CVX,1.0,0.0,0.0
1580,CVX,0.0,1.0,0.0
1581,CVX,1.0,0.0,0.0
1582,CVX,1.0,0.0,0.0
1585,CVX,1.0,0.0,0.0
1586,CVX,1.0,0.0,0.0
1587,CVX,0.0,1.0,0.0
1588,CVX,0.0,1.0,0.0
1593,CVX,0.0,0.0,1.0
1595,CVX,0.0,0.0,1.0
1596,CVX,0.0,1.0,0.0
1597,CVX,0.0,1.0,0.0
1600,CVX,1.0,0.0,0.0
1621,CVX,1.0,0.0,0.0
1622,CVX,1.0,0.0,0.0
1623,CVX,0.0,0.0,1.0
1624,CX,0.0,0.0,1.0
1635,CX,1.0,0.0,0.0
1642,CX,0.0,0.0,1.0
1643,CX,0.0,0.0,1.0
1645,CX,1.0,0.0,0.0
1650,CX,0.0,0.0,1.0
1667,CX,1.0,0.0,0.0
1668,DE,1.0,0.0,0.0
1670,DE,0.0,1.0,0.0
1671,DE,0.0,0.0,1.0
1699,DHR,1.0,0.0,0.0
1700,DHR,1.0,0.0,0.0
1702,DHR,0.0,1.0,0.0
1703,DHR,1.0,0.0,0.0
1705,DHR,1.0,0.0,0.0
1717,DHR,0.0,0.0,1.0
1744,DHR,0.0,0.0,1.0
1747,DIS,1.0,0.0,0.0
1749,DIS,0.0,0.0,1.0
1752,DIS,0.0,0.0,1.0
1753,DIS,1.0,0.0,0.0
1755,DUK,0.0,1.0,0.0
1756,DUK,1.0,0.0,0.0
1757,DUK,0.0,1.0,0.0
1758,DUK,1.0,0.0,0.0
1761,DUK,1.0,0.0,0.0
1764,DUK,1.0,0.0,0.0
1768,EL,0.0,1.0,0.0
1770,EL,1.0,0.0,0.0
1772,ENB,0.0,0.0,1.0
1777,ENB,0.0,1.0,0.0
1780,ENB,1.0,0.0,0.0
1781,ENB,0.0,1.0,0.0
1782,ENB,1.0,0.0,0.0
1783,ENB,0.0,0.0,1.0
1784,ENB,1.0,0.0,0.0
1788,ENB,0.0,1.0,0.0
1799,ENB,1.0,0.0,0.0
1802,ENB,1.0,0.0,0.0
1804,ENB,0.0,0.0,1.0
1805,ENB,1.0,0.0,0.0
1806,ENB,0.0,0.0,1.0
1808,ENB,1.0,0.0,0.0
1809,ENB,1.0,0.0,0.0
1833,EQNR,1.0,0.0,0.0
1879,FB,0.0,0.0,1.0
1887,FB,0.0,0.0,1.0
1890,FB,0.0,0.0,1.0
1894,FB,1.0,0.0,0.0
1897,FB,0.0,0.0,1.0
1900,FB,0.0,1.0,0.0
1901,GE,0.0,0.0,1.0
1902,GE,1.0,0.0,0.0
1903,GE,1.0,0.0,0.0
1904,GE,1.0,0.0,0.0
1905,GE,0.0,0.0,1.0
1918,GE,0.0,0.0,1.0
1925,GE,1.0,0.0,0.0
1926,GE,1.0,0.0,0.0
1929,GE,1.0,0.0,0.0
1931,GE,0.0,0.0,1.0
1934,GE,0.0,1.0,0.0
1937,GOOG,0.0,0.0,1.0
1939,GOOG,1.0,0.0,0.0
1942,GOOG,0.0,1.0,0.0
1945,GOOG,1.0,0.0,0.0
1946,GOOG,1.0,0.0,0.0
1947,GOOG,1.0,0.0,0.0
1948,GOOG,0.0,0.0,1.0
1950,GOOGL,1.0,0.0,0.0
1951,GOOGL,1.0,0.0,0.0
1954,GOOGL,0.0,0.0,1.0
1955,GOOGL,1.0,0.0,0.0
1960,GOOGL,0.0,1.0,0.0
1961,GOOGL,1.0,0.0,0.0
1962,GOOGL,1.0,0.0,0.0
1963,GOOGL,0.0,0.0,1.0
1965,GOOGL,0.0,0.0,1.0
1966,GOOGL,0.0,0.0,1.0
1970,GOOGL,0.0,1.0,0.0
1974,GOOGL,1.0,0.0,0.0
1976,GOOGL,1.0,0.0,0.0
1978,GOOGL,0.0,1.0,0.0
1984,GOOGL,1.0,0.0,0.0
1995,GS,1.0,0.0,0.0
1996,GS,1.0,0.0,0.0
1997,GS,1.0,0.0,0.0
1998,GS,0.0,0.0,1.0
1999,GS,0.0,0.0,1.0
2001,GS,0.0,1.0,0.0
2002,GS,0.0,0.0,1.0
2006, Pokemon Bushido is pretty fucking good. Like,0.0,1.0,0.0
2008, but Bushido doesn't do that and I don't think they're going to explore that. Which is completely fine with it,1.0,0.0,0.0
2010, particularly newer games. Which means that,0.0,1.0,0.0
2012, which actually in hindsight has impacted my overall opinion more than I anticipated. They introduce the main villain at the very end,0.0,0.0,1.0
2022, I kind of went in on Polished Crystal and the end of Bushido a bit,1.0,0.0,0.0
2024,GS,0.0,1.0,0.0
2025,GS,1.0,0.0,0.0
2026,GS,0.0,0.0,1.0
2028,GS,1.0,0.0,0.0
2036,GS,0.0,1.0,0.0
2041,GS,0.0,0.0,1.0
2045,GS,1.0,0.0,0.0
2049,GS,0.0,1.0,0.0
2053,GSK,1.0,0.0,0.0
2054,GSK,1.0,0.0,0.0
2056,GSK,1.0,0.0,0.0
2057,GSK,1.0,0.0,0.0
2061,GSK,1.0,0.0,0.0
2062,GSK,0.0,0.0,1.0
2065,GSK,0.0,1.0,0.0
2068,GSK,1.0,0.0,0.0
2072,GSK,1.0,0.0,0.0
2075,GSK,0.0,0.0,1.0
2076,GSK,0.0,0.0,1.0
2078,GSK,1.0,0.0,0.0
2082,GSK,1.0,0.0,0.0
2083,GSK,0.0,0.0,1.0
2085,GSK,1.0,0.0,0.0
2086,GSK,0.0,0.0,1.0
2087,GSK,0.0,0.0,1.0
2088,GSK,0.0,1.0,0.0
2089,GSK,1.0,0.0,0.0
2090,GSK,0.0,1.0,0.0
2091,GSK,1.0,0.0,0.0
2095,GSK,0.0,0.0,1.0
2096,GSK,0.0,0.0,1.0
2097,GSK,1.0,0.0,0.0
2098,GSK,0.0,0.0,1.0
2099,GSK,1.0,0.0,0.0
2101,GSK,0.0,1.0,0.0
2102,HD,1.0,0.0,0.0
2103,HD,1.0,0.0,0.0
2104,HD,1.0,0.0,0.0
2105,HD,1.0,0.0,0.0
2112,HD,1.0,0.0,0.0
2113,HD,1.0,0.0,0.0
2114,HD,1.0,0.0,0.0
2115,HD,1.0,0.0,0.0
2116,HD,1.0,0.0,0.0
2117,HD,1.0,0.0,0.0
2121,HD,0.0,1.0,0.0
2122,HD,1.0,0.0,0.0
2124,HD,1.0,0.0,0.0
2125,HD,0.0,1.0,0.0
2129,HD,0.0,0.0,1.0
2130,HD,0.0,0.0,1.0
2138,HD,1.0,0.0,0.0
2139,HD,1.0,0.0,0.0
2140,HD,1.0,0.0,0.0
2141,HD,1.0,0.0,0.0
2144,HD,1.0,0.0,0.0
2147,HDB,0.0,0.0,1.0
2150,HDB,1.0,0.0,0.0
2153,HDB,1.0,0.0,0.0
2155,HDB,1.0,0.0,0.0
2156,HDB,0.0,0.0,1.0
2160,HDB,0.0,1.0,0.0
2161,HDB,1.0,0.0,0.0
2163,HDB,1.0,0.0,0.0
2168,HDB,1.0,0.0,0.0
2169,HDB,0.0,0.0,1.0
2170,HDB,0.0,0.0,1.0
2175,HDB,1.0,0.0,0.0
2176,HDB,0.0,0.0,1.0
2177,HDB,0.0,0.0,1.0
2180,HDB,0.0,1.0,0.0
2182,HDB,0.0,1.0,0.0
2184,HDB,0.0,0.0,1.0
2187,HDB,0.0,1.0,0.0
2189,HDB,1.0,0.0,0.0
2190,HDB,0.0,0.0,1.0
2193,HON,0.0,1.0,0.0
2196,HON,0.0,1.0,0.0
2198,HON,1.0,0.0,0.0
2199,HSBC,0.0,0.0,1.0
2200,HSBC,0.0,1.0,0.0
2201,HSBC,0.0,0.0,1.0
2202,HSBC,0.0,0.0,1.0
2203,HSBC,0.0,0.0,1.0
2204,HSBC,1.0,0.0,0.0
2205,HSBC,0.0,0.0,1.0
2206,HSBC,1.0,0.0,0.0
2207,HSBC,0.0,1.0,0.0
2208,HSBC,1.0,0.0,0.0
2209,HSBC,0.0,0.0,1.0
2211,HSBC,0.0,0.0,1.0
2212,HSBC,0.0,1.0,0.0
2218,HSBC,1.0,0.0,0.0
2220,HSBC,0.0,0.0,1.0
2225,HSBC,0.0,0.0,1.0
2226,HSBC,0.0,0.0,1.0
2235,HSBC,1.0,0.0,0.0
2236,HSBC,0.0,0.0,1.0
2238,HSBC,1.0,0.0,0.0
2241,HSBC,0.0,0.0,1.0
2242,HSBC,0.0,0.0,1.0
2245,HSBC,1.0,0.0,0.0
2246,HSBC,0.0,0.0,1.0
2249,IBM,0.0,1.0,0.0
2254,IBM,1.0,0.0,0.0
2257,IBM,1.0,0.0,0.0
2265,IBM,0.0,0.0,1.0
2283,IBM,1.0,0.0,0.0
2284,IBM,1.0,0.0,0.0
2298,IDAI,0.0,0.0,1.0
2308,INFY,0.0,0.0,1.0
2313,INTC,1.0,0.0,0.0
2314,INTC,0.0,1.0,0.0
2316,INTC,1.0,0.0,0.0
2317,INTC,1.0,0.0,0.0
2318,INTC,1.0,0.0,0.0
2319,INTC,1.0,0.0,0.0
2320,INTC,0.0,1.0,0.0
2323,INTC,1.0,0.0,0.0
2327,INTC,1.0,0.0,0.0
2330,INTC,0.0,1.0,0.0
2335,INTC,1.0,0.0,0.0
2336,INTC,0.0,0.0,1.0
2337,INTC,1.0,0.0,0.0
2342,INTC,0.0,1.0,0.0
2344,INTC,1.0,0.0,0.0
2346,INTC,0.0,1.0,0.0
2347,INTC,1.0,0.0,0.0
2348,INTC,0.0,1.0,0.0
2350,INTC,1.0,0.0,0.0
2351,INTC,1.0,0.0,0.0
2352,INTC,0.0,1.0,0.0
2354,INTC,0.0,1.0,0.0
2355,INTC,1.0,0.0,0.0
2356,INTC,1.0,0.0,0.0
2358,INTC,0.0,0.0,1.0
2359,INTC,0.0,0.0,1.0
2409,ISRG,1.0,0.0,0.0
2410,ISRG,1.0,0.0,0.0
2448,ISRG,1.0,0.0,0.0
2460,JD,0.0,0.0,1.0
2461,JD,1.0,0.0,0.0
2464,JD,1.0,0.0,0.0
2466,JD,0.0,0.0,1.0
2469,JD,1.0,0.0,0.0
2473,JD,1.0,0.0,0.0
2475,JD,1.0,0.0,0.0
2478,JD,1.0,0.0,0.0
2480,JD,1.0,0.0,0.0
2482,JD,0.0,1.0,0.0
2483,JD,1.0,0.0,0.0
2485,JD,1.0,0.0,0.0
2486,JD,0.0,0.0,1.0
2489,JD,1.0,0.0,0.0
2490,JD,1.0,0.0,0.0
2503,JD,1.0,0.0,0.0
2507,JNJ,1.0,0.0,0.0
2508,JNJ,0.0,1.0,0.0
2510,JNJ,0.0,0.0,1.0
2512,JNJ,1.0,0.0,0.0
2513,JNJ,0.0,0.0,1.0
2514,JNJ,0.0,0.0,1.0
2516,JNJ,1.0,0.0,0.0
2523,JNJ,0.0,0.0,1.0
2533,JNJ,0.0,0.0,1.0
2549,JPM,1.0,0.0,0.0
2553,JPM,1.0,0.0,0.0
2554,JPM,1.0,0.0,0.0
2555,JPM,0.0,0.0,1.0
2560,JPM,0.0,0.0,1.0
2562,JPM,0.0,0.0,1.0
2565,JPM,0.0,0.0,1.0
2566,JPM,1.0,0.0,0.0
2568,JPM,0.0,1.0,0.0
2569,JPM,0.0,0.0,1.0
2574,JPM,0.0,0.0,1.0
2577,JPM,1.0,0.0,0.0
2579,JPM,0.0,0.0,1.0
2580,JPM,0.0,0.0,1.0
2583,JPM,0.0,0.0,1.0
2587,JPM,1.0,0.0,0.0
2588,JPM,1.0,0.0,0.0
2595,KO,0.0,0.0,1.0
2598,KO,1.0,0.0,0.0
2601,KO,0.0,1.0,0.0
2602,KO,0.0,0.0,1.0
2606,KO,0.0,1.0,0.0
2607,KO,0.0,0.0,1.0
2608,KO,0.0,0.0,1.0
2610,KO,0.0,0.0,1.0
2611,KO,1.0,0.0,0.0
2612,KO,1.0,0.0,0.0
2614,KO,0.0,0.0,1.0
2615,KO,0.0,0.0,1.0
2621,LLY,0.0,0.0,1.0
2661,LMT,1.0,0.0,0.0
2677,LMT,1.0,0.0,0.0
2678,LMT,1.0,0.0,0.0
2679,LMT,0.0,0.0,1.0
2685,LMT,1.0,0.0,0.0
2690,LMT,1.0,0.0,0.0
2692,LMT,1.0,0.0,0.0
2694,LMT,0.0,1.0,0.0
2696,LMT,0.0,0.0,1.0
2699,LMT,0.0,0.0,1.0
2700,LMT,0.0,0.0,1.0
2702,MA,1.0,0.0,0.0
2703,MA,0.0,0.0,1.0
2704,MA,1.0,0.0,0.0
2707,MA,1.0,0.0,0.0
2712,MA,0.0,0.0,1.0
2716,MCD,1.0,0.0,0.0
2748,MDLZ,0.0,0.0,1.0
2770,MDT,1.0,0.0,0.0
2771,MDT,0.0,0.0,1.0
2774,MDT,0.0,0.0,1.0
2775,MDT,1.0,0.0,0.0
2777,MDT,1.0,0.0,0.0
2778,MDT,0.0,1.0,0.0
2779,MDT,0.0,1.0,0.0
2780,MDT,0.0,1.0,0.0
2781,MDT,0.0,0.0,1.0
2783,MDT,0.0,1.0,0.0
2784,MDT,1.0,0.0,0.0
2785,MDT,0.0,0.0,1.0
2786,MDT,1.0,0.0,0.0
2787,MDT,0.0,0.0,1.0
2788,MDT,1.0,0.0,0.0
2789,MDT,0.0,0.0,1.0
2790,MDT,1.0,0.0,0.0
2791,MDT,0.0,0.0,1.0
2793,MDT,1.0,0.0,0.0
2794,MDT,0.0,1.0,0.0
2795,MDT,0.0,0.0,1.0
2796,MDT,1.0,0.0,0.0
2797,MDT,0.0,1.0,0.0
2798,MDT,1.0,0.0,0.0
2799,MDT,1.0,0.0,0.0
2802,MDT,1.0,0.0,0.0
2805,MDT,1.0,0.0,0.0
2807,MDT,1.0,0.0,0.0
2812,MDT,1.0,0.0,0.0
2814,MDT,1.0,0.0,0.0
2815,MDT,0.0,0.0,1.0
2816,MDT,0.0,0.0,1.0
2818,MDT,0.0,1.0,0.0
2820,MMM,1.0,0.0,0.0
2822,MMM,1.0,0.0,0.0
2824,MO,0.0,0.0,1.0
2827,MO,1.0,0.0,0.0
2828,MO,1.0,0.0,0.0
2829,MO,1.0,0.0,0.0
2832,MODD,0.0,0.0,1.0
2834,MODD,0.0,0.0,1.0
2836,MODD,1.0,0.0,0.0
2840,MODD,1.0,0.0,0.0
2848,MRK,1.0,0.0,0.0
2849,MRK,0.0,0.0,1.0
2856,MRK,1.0,0.0,0.0
2863,MRK,0.0,1.0,0.0
2875,MRK,1.0,0.0,0.0
2876,MRK,1.0,0.0,0.0
2884,MS,1.0,0.0,0.0
2886,MS,1.0,0.0,0.0
2891,MS,0.0,0.0,1.0
2893,MS,0.0,0.0,1.0
2894,MS,0.0,0.0,1.0
2900,MSFT,1.0,0.0,0.0
2901,MSFT,0.0,1.0,0.0
2902,MSFT,0.0,0.0,1.0
2903,MSFT,1.0,0.0,0.0
2904,MSFT,1.0,0.0,0.0
2905,MSFT,0.0,0.0,1.0
2906,MSFT,0.0,0.0,1.0
2910,MSFT,1.0,0.0,0.0
2911,MSFT,1.0,0.0,0.0
2916,MSFT,0.0,0.0,1.0
2917,MSFT,0.0,0.0,1.0
2920,MSFT,0.0,0.0,1.0
2921,MSFT,1.0,0.0,0.0
2924,MSFT,1.0,0.0,0.0
2925,MSFT,0.0,0.0,1.0
2926,MSFT,1.0,0.0,0.0
2932,MSFT,1.0,0.0,0.0
2938,MSFT,0.0,0.0,1.0
2945,MSFT,1.0,0.0,0.0
2951,MU,1.0,0.0,0.0
2958,NFLX,0.0,1.0,0.0
2959,NFLX,1.0,0.0,0.0
2961,NFLX,0.0,0.0,1.0
2964,NFLX,0.0,0.0,1.0
2965,NFLX,0.0,1.0,0.0
2966,NFLX,1.0,0.0,0.0
2970,NFLX,1.0,0.0,0.0
2972,NFLX,0.0,0.0,1.0
2975,NFLX,1.0,0.0,0.0
2976,NFLX,0.0,0.0,1.0
2978,NFLX,1.0,0.0,0.0
2979,NFLX,1.0,0.0,0.0
2983,NFLX,1.0,0.0,0.0
2987,NFLX,1.0,0.0,0.0
2989,NFLX,0.0,0.0,1.0
2999,NFLX,1.0,0.0,0.0
3001,NFLX,1.0,0.0,0.0
3003,NFLX,1.0,0.0,0.0
3004,NKE,1.0,0.0,0.0
3005,NKE,0.0,0.0,1.0
3006,NKE,1.0,0.0,0.0
3007,NKE,1.0,0.0,0.0
3009,NKE,1.0,0.0,0.0
3014,NKE,0.0,1.0,0.0
3016,NKE,1.0,0.0,0.0
3020,NKE,1.0,0.0,0.0
3024,NKE,1.0,0.0,0.0
3029,NKE,1.0,0.0,0.0
3043,NKE,1.0,0.0,0.0
3049,NKE,1.0,0.0,0.0
3051,NOW,0.0,0.0,1.0
3052,NOW,0.0,0.0,1.0
3054,NOW,1.0,0.0,0.0
3055,NTES,0.0,0.0,1.0
3059,NTES,1.0,0.0,0.0
3071,NTES,1.0,0.0,0.0
3085,NTES,1.0,0.0,0.0
3088,NTES,0.0,0.0,1.0
3102,NVDA,1.0,0.0,0.0
3103,NVDA,1.0,0.0,0.0
3104,NVDA,0.0,0.0,1.0
3105,NVDA,1.0,0.0,0.0
3106,NVDA,1.0,0.0,0.0
3107,NVDA,1.0,0.0,0.0
3108,NVDA,1.0,0.0,0.0
3109,NVDA,0.0,0.0,1.0
3110,NVDA,1.0,0.0,0.0
3112,NVDA,1.0,0.0,0.0
3113,NVDA,1.0,0.0,0.0
3117,NVDA,0.0,1.0,0.0
3118,NVDA,1.0,0.0,0.0
3120,NVDA,1.0,0.0,0.0
3124,NVDA,1.0,0.0,0.0
3126,NVDA,1.0,0.0,0.0
3127,NVDA,0.0,0.0,1.0
3128,NVDA,1.0,0.0,0.0
3133,NVDA,1.0,0.0,0.0
3134,NVDA,0.0,1.0,0.0
3136,NVDA,1.0,0.0,0.0
3138,NVDA,0.0,1.0,0.0
3140,NVDA,1.0,0.0,0.0
3141,NVDA,0.0,0.0,1.0
3145,NVDA,0.0,1.0,0.0
3146,NVDA,1.0,0.0,0.0
3147,NVDA,1.0,0.0,0.0
3198,NVS,0.0,0.0,1.0
3200,NVS,1.0,0.0,0.0
3202,NVS,0.0,1.0,0.0
3203,NVS,0.0,1.0,0.0
3204,NVS,1.0,0.0,0.0
3209,NVS,0.0,1.0,0.0
3217,NVS,0.0,0.0,1.0
3240,NVS,0.0,0.0,1.0
3246,ORCL,0.0,1.0,0.0
3248,ORCL,0.0,0.0,1.0
3249,ORCL,0.0,0.0,1.0
3250,ORCL,0.0,0.0,1.0
3255,ORCL,1.0,0.0,0.0
3274,ORCL,0.0,0.0,1.0
3298,PBR,1.0,0.0,0.0
3306,PBR,0.0,1.0,0.0
3325,PBR,0.0,0.0,1.0
3330,PBR,0.0,0.0,1.0
3336,PEP,0.0,0.0,1.0
3337,PEP,0.0,0.0,1.0
3338,PEP,1.0,0.0,0.0
3346,PFE,0.0,1.0,0.0
3347,PFE,0.0,0.0,1.0
3349,PFE,0.0,0.0,1.0
3351,PFE,1.0,0.0,0.0
3354,PFE,1.0,0.0,0.0
3358,PFE,0.0,0.0,1.0
3360,PFE,0.0,0.0,1.0
3365,PFE,1.0,0.0,0.0
3369,PFE,1.0,0.0,0.0
3372,PFE,0.0,1.0,0.0
3374,PFE,0.0,1.0,0.0
3381,PFE,0.0,0.0,1.0
3387,PG,1.0,0.0,0.0
3389,PG,0.0,0.0,1.0
3390,PG,0.0,1.0,0.0
3392,PG,0.0,0.0,1.0
3397,PG,1.0,0.0,0.0
3398,PG,0.0,0.0,1.0
3407,PG,1.0,0.0,0.0
3409,PG,1.0,0.0,0.0
3412,PG,0.0,0.0,1.0
3414,PG,1.0,0.0,0.0
3418,PG,1.0,0.0,0.0
3425,PG,0.0,0.0,1.0
3427,PG,0.0,0.0,1.0
3430,PG,1.0,0.0,0.0
3431,PG,1.0,0.0,0.0
3433,PG,0.0,0.0,1.0
3437,PLD,1.0,0.0,0.0
3440,PLD,1.0,0.0,0.0
3441,PLD,0.0,1.0,0.0
3443,PLD,0.0,0.0,1.0
3444,PLD,0.0,0.0,1.0
3445,PLD,0.0,0.0,1.0
3451,PLD,1.0,0.0,0.0
3453,PLD,0.0,0.0,1.0
3454,PLD,0.0,1.0,0.0
3458,PLD,1.0,0.0,0.0
3459,PLD,0.0,0.0,1.0
3463,PLD,1.0,0.0,0.0
3464,PLD,0.0,1.0,0.0
3466,PLD,0.0,1.0,0.0
3469,PLD,1.0,0.0,0.0
3470,PLD,1.0,0.0,0.0
3475,PLD,1.0,0.0,0.0
3477,PLD,1.0,0.0,0.0
3478,PLD,1.0,0.0,0.0
3479,PLD,0.0,0.0,1.0
3480,PM,0.0,0.0,1.0
3481,PM,1.0,0.0,0.0
3482,PM,0.0,1.0,0.0
3487,PM,0.0,1.0,0.0
3490,PM,0.0,1.0,0.0
3492,PM,0.0,1.0,0.0
3493,PM,0.0,1.0,0.0
3494,PM,0.0,0.0,1.0
3495,PM,1.0,0.0,0.0
3497,PM,1.0,0.0,0.0
3498,PM,0.0,1.0,0.0
3499,PM,0.0,1.0,0.0
3501,PM,0.0,1.0,0.0
3502,PM,0.0,1.0,0.0
3506,PM,0.0,1.0,0.0
3507,PM,0.0,1.0,0.0
3509,PM,1.0,0.0,0.0
3510,PM,0.0,1.0,0.0
3511,PM,0.0,0.0,1.0
3512,PM,0.0,1.0,0.0
3513,PM,0.0,1.0,0.0
3514,PM,0.0,0.0,1.0
3517,PM,0.0,1.0,0.0
3518,PM,0.0,1.0,0.0
3519,PM,0.0,1.0,0.0
3522,PM,1.0,0.0,0.0
3523,PM,0.0,1.0,0.0
3525,PM,0.0,1.0,0.0
3526,PM,1.0,0.0,0.0
3527,PM,0.0,1.0,0.0
3528,PM,1.0,0.0,0.0
3529,PNC,0.0,0.0,1.0
3530,PNC,0.0,1.0,0.0
3531,PNC,0.0,1.0,0.0
3535,PNC,0.0,0.0,1.0
3536,PNC,1.0,0.0,0.0
3538,PNC,1.0,0.0,0.0
3547,PNC,0.0,0.0,1.0
3548,PNC,0.0,1.0,0.0
3549,PNC,0.0,0.0,1.0
3550,PNC,1.0,0.0,0.0
3551,PNC,0.0,1.0,0.0
3553,PNC,0.0,1.0,0.0
3554,PNC,1.0,0.0,0.0
3555,PNC,0.0,0.0,1.0
3556,PNC,1.0,0.0,0.0
3557,PNC,1.0,0.0,0.0
3558,PNC,1.0,0.0,0.0
3560,PNC,1.0,0.0,0.0
3561,PNC,1.0,0.0,0.0
3562,PNC,0.0,0.0,1.0
3563,PNC,1.0,0.0,0.0
3564,PNC,1.0,0.0,0.0
3565,PNC,1.0,0.0,0.0
3566,PNC,1.0,0.0,0.0
3567,PNC,1.0,0.0,0.0
3568,PNC,1.0,0.0,0.0
3569,PNC,1.0,0.0,0.0
3570,PNC,0.0,0.0,1.0
3572,PNC,0.0,0.0,1.0
3573,PNC,1.0,0.0,0.0
3574,PNC,1.0,0.0,0.0
3576,PNC,1.0,0.0,0.0
3578,PTR,0.0,1.0,0.0
3580,PTR,0.0,0.0,1.0
3581,PTR,1.0,0.0,0.0
3582,PTR,0.0,0.0,1.0
3584,PTR,1.0,0.0,0.0
3585,PTR,1.0,0.0,0.0
3586,PTR,0.0,0.0,1.0
3587,PTR,0.0,0.0,1.0
3588,PTR,0.0,0.0,1.0
3589,PTR,0.0,0.0,1.0
3591,PTR,0.0,0.0,1.0
3594,PTR,1.0,0.0,0.0
3596,PTR,1.0,0.0,0.0
3598,PTR,1.0,0.0,0.0
3603,PTR,0.0,1.0,0.0
3604,PTR,0.0,1.0,0.0
3605,PTR,0.0,1.0,0.0
3606,PTR,0.0,1.0,0.0
3607,PTR,0.0,1.0,0.0
3615,PTR,1.0,0.0,0.0
3616,PTR,1.0,0.0,0.0
3618,PTR,0.0,0.0,1.0
3619,PTR,0.0,0.0,1.0
3623,PTR,1.0,0.0,0.0
3625,PYPL,0.0,1.0,0.0
3626,PYPL,1.0,0.0,0.0
3627,PYPL,0.0,0.0,1.0
3628,PYPL,1.0,0.0,0.0
3629,PYPL,0.0,0.0,1.0
3630,PYPL,0.0,1.0,0.0
3631,PYPL,1.0,0.0,0.0
3632,PYPL,0.0,0.0,1.0
3633,PYPL,0.0,0.0,1.0
3636,PYPL,0.0,1.0,0.0
3637,PYPL,0.0,1.0,0.0
3643,PYPL,1.0,0.0,0.0
3644,PYPL,0.0,1.0,0.0
3646,PYPL,1.0,0.0,0.0
3652,PYPL,1.0,0.0,0.0
3653,PYPL,0.0,0.0,1.0
3655,PYPL,1.0,0.0,0.0
3657,PYPL,1.0,0.0,0.0
3658,PYPL,0.0,0.0,1.0
3659,PYPL,0.0,0.0,1.0
3660,PYPL,0.0,0.0,1.0
3661,PYPL,0.0,1.0,0.0
3663,PYPL,0.0,0.0,1.0
3664,PYPL,1.0,0.0,0.0
3665,PYPL,1.0,0.0,0.0
3668,PYPL,0.0,1.0,0.0
3669,PYPL,0.0,0.0,1.0
3670,PYPL,0.0,0.0,1.0
3672,PYPL,1.0,0.0,0.0
3674,QCOM,1.0,0.0,0.0
3679,QCOM,1.0,0.0,0.0
3680,QCOM,0.0,0.0,1.0
3682,QCOM,0.0,0.0,1.0
3695,QCOM,1.0,0.0,0.0
3698,QCOM,1.0,0.0,0.0
3713,QCOM,0.0,0.0,1.0
3724,RIO,0.0,0.0,1.0
3725,RTX,1.0,0.0,0.0
3727,RTX,0.0,0.0,1.0
3735,RTX,0.0,0.0,1.0
3737,RTX,1.0,0.0,0.0
3753,RTX,1.0,0.0,0.0
3757,RTX,1.0,0.0,0.0
3759,RTX,0.0,0.0,1.0
3772,RTX,0.0,0.0,1.0
3776,RY,0.0,0.0,1.0
3778,SAP,0.0,0.0,1.0
3783,SAP,1.0,0.0,0.0
3789,SAP,1.0,0.0,0.0
3793,SAP,1.0,0.0,0.0
3794,SAP,1.0,0.0,0.0
3798,SAP,1.0,0.0,0.0
3799,SBUX,1.0,0.0,0.0
3801,SBUX,0.0,0.0,1.0
3802,SBUX,1.0,0.0,0.0
3803,SBUX,1.0,0.0,0.0
3804,SBUX,1.0,0.0,0.0
3806,SBUX,0.0,0.0,1.0
3809,SBUX,0.0,0.0,1.0
3811,SBUX,1.0,0.0,0.0
3820,SCHW,1.0,0.0,0.0
3850,SCHW,0.0,1.0,0.0
3869,SHOP,1.0,0.0,0.0
3883,SNY,0.0,0.0,1.0
3891,SNY,1.0,0.0,0.0
3893,SNY,0.0,1.0,0.0
3909,SOND,0.0,1.0,0.0
3963,SYK,0.0,1.0,0.0
3983,T,0.0,0.0,1.0
3984,T,1.0,0.0,0.0
3987,T,1.0,0.0,0.0
3989,T,0.0,1.0,0.0
3991,T,0.0,0.0,1.0
3993,T,0.0,0.0,1.0
3995,T,1.0,0.0,0.0
3996,TCN,1.0,0.0,0.0
3997,TCN,1.0,0.0,0.0
3998,TCN,0.0,0.0,1.0
3999,TCN,1.0,0.0,0.0
4000,TCN,1.0,0.0,0.0
4001,TCN,1.0,0.0,0.0
4002,TCN,0.0,0.0,1.0
4003,TCN,1.0,0.0,0.0
4004,TCN,1.0,0.0,0.0
4006,TCN,0.0,0.0,1.0
4008,TCN,0.0,0.0,1.0
4009,TCN,0.0,0.0,1.0
4011,TCN,1.0,0.0,0.0
4012,TCN,0.0,0.0,1.0
4013,TCN,1.0,0.0,0.0
4016,TCN,1.0,0.0,0.0
4017,TCN,0.0,0.0,1.0
4018,TCN,1.0,0.0,0.0
4019,TCN,1.0,0.0,0.0
4020,TCN,0.0,0.0,1.0
4021,TCN,0.0,0.0,1.0
4022,TCN,1.0,0.0,0.0
4023,TCN,0.0,1.0,0.0
4024,TCN,1.0,0.0,0.0
4025,TCN,0.0,0.0,1.0
4026,TCN,0.0,0.0,1.0
4029,TCN,0.0,0.0,1.0
4031,TCN,0.0,0.0,1.0
4033,TCN,0.0,0.0,1.0
4034,TCN,1.0,0.0,0.0
4038,TCN,0.0,0.0,1.0
4039,TCN,1.0,0.0,0.0
4040,TCN,1.0,0.0,0.0
4041,TCN,0.0,0.0,1.0
4043,TD,0.0,0.0,1.0
4055,TD,1.0,0.0,0.0
4059,TD,0.0,0.0,1.0
4066,TD,1.0,0.0,0.0
4070,TD,0.0,0.0,1.0
4079,TD,0.0,1.0,0.0
4093,TEAM,0.0,1.0,0.0
4096,TFC,1.0,0.0,0.0
4103,TFC,1.0,0.0,0.0
4113,TFC,1.0,0.0,0.0
4125,TFC,0.0,1.0,0.0
4127,TFC,0.0,0.0,1.0
4136,TFC,0.0,1.0,0.0
4140,TGT,1.0,0.0,0.0
4141,TGT,1.0,0.0,0.0
4143,TGT,1.0,0.0,0.0
4147,TGT,1.0,0.0,0.0
4150,TGT,1.0,0.0,0.0
4151,TGT,1.0,0.0,0.0
4154,TGT,1.0,0.0,0.0
4158,TGT,1.0,0.0,0.0
4159,TGT,1.0,0.0,0.0
4160,TGT,1.0,0.0,0.0
4161,TGT,1.0,0.0,0.0
4162,TGT,0.0,0.0,1.0
4164,TGT,0.0,0.0,1.0
4167,TGT,1.0,0.0,0.0
4168,TGT,1.0,0.0,0.0
4173,TJX,1.0,0.0,0.0
4174,TJX,0.0,1.0,0.0
4175,TJX,0.0,0.0,1.0
4177,TJX,0.0,0.0,1.0
4178,TJX,1.0,0.0,0.0
4179,TJX,0.0,0.0,1.0
4181,TJX,1.0,0.0,0.0
4182,TJX,1.0,0.0,0.0
4185,TJX,0.0,0.0,1.0
4187,TJX,1.0,0.0,0.0
4188,TJX,0.0,1.0,0.0
4194,TJX,0.0,0.0,1.0
4199,TJX,0.0,0.0,1.0
4200,TJX,0.0,0.0,1.0
4205,TJX,1.0,0.0,0.0
4213,TJX,0.0,0.0,1.0
4214,TJX,1.0,0.0,0.0
4218,TM,0.0,0.0,1.0
4228, *both discussions rely on Niantic actually allowing us to evolve Shadow Scyther into Shadow Kleavor,0.0,0.0,1.0
4239,TM,1.0,0.0,0.0
4240,TM,0.0,0.0,1.0
4241,TM,1.0,0.0,0.0
4243,TM,0.0,0.0,1.0
4248,TM,0.0,0.0,1.0
4249,TM,0.0,0.0,1.0
4252,TM,0.0,1.0,0.0
4255,TM,0.0,0.0,1.0
4259,TM,0.0,0.0,1.0
4260,TM,1.0,0.0,0.0
4261,TM,1.0,0.0,0.0
4272,TMO,0.0,0.0,1.0
4273,TMO,1.0,0.0,0.0
4274,TMO,0.0,0.0,1.0
4275,TMO,1.0,0.0,0.0
4276,TMO,1.0,0.0,0.0
4277,TMO,1.0,0.0,0.0
4278,TMO,0.0,0.0,1.0
4280,TMO,1.0,0.0,0.0
4281,TMO,1.0,0.0,0.0
4282,TMO,1.0,0.0,0.0
4285,TMO,0.0,0.0,1.0
4286,TMO,0.0,1.0,0.0
4290,TMO,0.0,0.0,1.0
4292,TMO,1.0,0.0,0.0
4293,TMO,1.0,0.0,0.0
4294,TMO,0.0,0.0,1.0
4296,TMO,0.0,0.0,1.0
4297,TMO,1.0,0.0,0.0
4298,TMO,0.0,0.0,1.0
4299,TMO,0.0,0.0,1.0
4300,TMO,1.0,0.0,0.0
4301,TMO,0.0,0.0,1.0
4302,TMO,0.0,0.0,1.0
4303,TMO,0.0,1.0,0.0
4304,TMO,0.0,0.0,1.0
4305,TMO,0.0,0.0,1.0
4306,TMO,0.0,0.0,1.0
4307,TMO,1.0,0.0,0.0
4308,TMO,1.0,0.0,0.0
4310,TMO,0.0,1.0,0.0
4311,TMUS,0.0,0.0,1.0
4362,TSLA,1.0,0.0,0.0
4363,TSLA,1.0,0.0,0.0
4365,TSLA,0.0,0.0,1.0
4367,TSLA,1.0,0.0,0.0
4368,TSLA,0.0,0.0,1.0
4370,TSLA,1.0,0.0,0.0
4371,TSLA,1.0,0.0,0.0
4372,TSLA,0.0,0.0,1.0
4373,TSLA,1.0,0.0,0.0
4374,TSLA,1.0,0.0,0.0
4375,TSLA,1.0,0.0,0.0
4376,TSLA,1.0,0.0,0.0
4377,TSLA,1.0,0.0,0.0
4378,TSLA,0.0,0.0,1.0
4379,TSLA,1.0,0.0,0.0
4380,TSLA,1.0,0.0,0.0
4381,TSLA,1.0,0.0,0.0
4382,TSLA,1.0,0.0,0.0
4383,TSLA,1.0,0.0,0.0
4384,TSLA,1.0,0.0,0.0
4385,TSLA,0.0,0.0,1.0
4386,TSLA,1.0,0.0,0.0
4387,TSLA,1.0,0.0,0.0
4389,TSLA,0.0,0.0,1.0
4390,TSLA,1.0,0.0,0.0
4391,TSLA,1.0,0.0,0.0
4392,TSLA,1.0,0.0,0.0
4393,TSLA,1.0,0.0,0.0
4394,TSLA,1.0,0.0,0.0
4395,TSLA,1.0,0.0,0.0
4396,TSLA,1.0,0.0,0.0
4397,TSLA,1.0,0.0,0.0
4398,TSLA,1.0,0.0,0.0
4400,TSLA,1.0,0.0,0.0
4401,TSLA,1.0,0.0,0.0
4402,TSLA,1.0,0.0,0.0
4403,TSLA,1.0,0.0,0.0
4404,TSLA,1.0,0.0,0.0
4405,TSLA,1.0,0.0,0.0
4408,TSLA,1.0,0.0,0.0
4409,TSM,1.0,0.0,0.0
4411,TSM,1.0,0.0,0.0
4412,TSM,1.0,0.0,0.0
4416,TSM,1.0,0.0,0.0
4418,TSM,1.0,0.0,0.0
4419,TSM,0.0,0.0,1.0
4422,TSM,1.0,0.0,0.0
4426,TSM,1.0,0.0,0.0
4427,TSM,1.0,0.0,0.0
4430,TSM,1.0,0.0,0.0
4431,TSM,0.0,0.0,1.0
4432,TSM,1.0,0.0,0.0
4435,TSM,0.0,0.0,1.0
4437,TSM,1.0,0.0,0.0
4439,TSM,0.0,0.0,1.0
4443,TSM,1.0,0.0,0.0
4445,TSM,0.0,0.0,1.0
4446,TSM,1.0,0.0,0.0
4448,TSM,1.0,0.0,0.0
4450,TSM,1.0,0.0,0.0
4453,TSM,0.0,0.0,1.0
4455,TSM,1.0,0.0,0.0
4456,TSM,1.0,0.0,0.0
4461,TTE,0.0,0.0,1.0
4465,TTE,0.0,1.0,0.0
4470,TTE,0.0,0.0,1.0
4477,TTE,1.0,0.0,0.0
4492,TXN,0.0,0.0,1.0
4505,TXN,1.0,0.0,0.0
4518,UL,1.0,0.0,0.0
4520,UL,1.0,0.0,0.0
4521,UL,1.0,0.0,0.0
4522,UL,1.0,0.0,0.0
4523,UL,0.0,1.0,0.0
4525,UL,1.0,0.0,0.0
4527,UL,0.0,1.0,0.0
4528,UL,0.0,1.0,0.0
4531,UL,1.0,0.0,0.0
4533,UL,1.0,0.0,0.0
4534,UL,1.0,0.0,0.0
4535,UL,1.0,0.0,0.0
4537,UNH,1.0,0.0,0.0
4539,UNH,0.0,0.0,1.0
4541,UNH,1.0,0.0,0.0
4542,UNH,1.0,0.0,0.0
4544,UNH,1.0,0.0,0.0
4545,UNH,1.0,0.0,0.0
4546,UNH,1.0,0.0,0.0
4549,UNH,1.0,0.0,0.0
4550,UNH,0.0,1.0,0.0
4551,UNH,0.0,0.0,1.0
4552,UNH,0.0,0.0,1.0
4559,UNH,1.0,0.0,0.0
4565,UNH,1.0,0.0,0.0
4574,UNH,0.0,0.0,1.0
4580,UNP,1.0,0.0,0.0
4581,UNP,1.0,0.0,0.0
4583,UNP,1.0,0.0,0.0
4585,UNP,0.0,0.0,1.0
4586,UNP,1.0,0.0,0.0
4588,UNP,0.0,0.0,1.0
4608,UNP,1.0,0.0,0.0
4616,UNP,0.0,0.0,1.0
4618,UNP,1.0,0.0,0.0
4631,USB,0.0,0.0,1.0
4634,USB,1.0,0.0,0.0
4640,USB,1.0,0.0,0.0
4645,USB,0.0,0.0,1.0
4667,USB,1.0,0.0,0.0
4670,V,0.0,1.0,0.0
4672,V,0.0,0.0,1.0
4673,V,0.0,0.0,1.0
4674,V,0.0,0.0,1.0
4675,V,1.0,0.0,0.0
4676,V,0.0,0.0,1.0
4678,V,0.0,0.0,1.0
4679,V,0.0,0.0,1.0
4680,V,1.0,0.0,0.0
4685,V,1.0,0.0,0.0
4687,V,0.0,0.0,1.0
4691,V,0.0,0.0,1.0
4692,V,0.0,1.0,0.0
4696,V,0.0,1.0,0.0
4697,V,0.0,0.0,1.0
4701,VZ,0.0,0.0,1.0
4705,VZ,1.0,0.0,0.0
4709,VZ,0.0,1.0,0.0
4713,VZ,0.0,1.0,0.0
4716,VZ,1.0,0.0,0.0
4718,VZ,1.0,0.0,0.0
4719,VZ,1.0,0.0,0.0
4720,VZ,0.0,0.0,1.0
4721,VZ,1.0,0.0,0.0
4723,VZ,0.0,1.0,0.0
4724,VZ,0.0,0.0,1.0
4727,VZ,1.0,0.0,0.0
4734,WFC,0.0,1.0,0.0
4735,WFC,0.0,0.0,1.0
4736,WFC,1.0,0.0,0.0
4737,WFC,1.0,0.0,0.0
4742,WFC,0.0,1.0,0.0
4753,WFC,0.0,0.0,1.0
4759,WFC,1.0,0.0,0.0
4761,WFC,0.0,0.0,1.0
4765,WFC,0.0,0.0,1.0
4769,WMT,1.0,0.0,0.0
4771,WMT,0.0,0.0,1.0
4772,WMT,1.0,0.0,0.0
4773,WMT,1.0,0.0,0.0
4781,WMT,0.0,0.0,1.0
4784,WMT,0.0,0.0,1.0
4786,WMT,1.0,0.0,0.0
4789,WMT,0.0,0.0,1.0
4792,WMT,0.0,0.0,1.0
4795,WMT,1.0,0.0,0.0
4796,WMT,0.0,1.0,0.0
4801,WMT,0.0,0.0,1.0
4803,WMT,1.0,0.0,0.0
4804,WMT,0.0,1.0,0.0
4810,WMT,0.0,0.0,1.0
4811,WMT,1.0,0.0,0.0
4812,WMT,1.0,0.0,0.0
4814,WMT,0.0,0.0,1.0
4816,WMT,1.0,0.0,0.0
4819,XOM,0.0,1.0,0.0
4820,XOM,1.0,0.0,0.0
4821,XOM,1.0,0.0,0.0
4825,XOM,1.0,0.0,0.0
4827,XOM,1.0,0.0,0.0
4829,XOM,0.0,0.0,1.0
4830,XOM,0.0,0.0,1.0
4833,XOM,0.0,0.0,1.0
4839,XOM,1.0,0.0,0.0
4845,XOM,1.0,0.0,0.0
4849,XOM,0.0,0.0,1.0
4851,XOM,1.0,0.0,0.0
4857,XOM,1.0,0.0,0.0
